-2.166386046408906196e+00 -3.752087675202941952e+00
-3.467726505347676014e+00 -2.415213614588501478e+00
-3.098108452692311054e+00 -4.842427824740288322e+00
-4.371782151311787157e-01 -1.602973509078502889e+00
-5.345374411130063841e-01 -3.566584835949104360e+00
-1.183088542792809061e+00 -2.499678981031203229e+00
-1.073954452739040333e+00 -2.744032149884940264e+00
-8.563459466318665836e-01 -3.793110925218330820e+00
-2.874803176699191276e+00 -3.750116881481414755e+00
-2.444561564909724094e+00 -3.312087439678345291e+00
-1.852092460391491668e+00 -1.921700161608856927e+00
-5.340011322096009927e-01 -2.259782550039169280e+00
-1.984597956559718934e+00 -3.305126106349901782e+00
-2.127329760215052268e+00 -2.997001402136181714e+00
-2.639644834522966388e+00 -1.263628089609339922e+00
-1.437018751839796327e+00 -2.848774757823609782e+00
-1.875784243979414345e+00 -2.298123082055322008e+00
-1.887033251717169069e+00 -1.582793741196988124e+00
-1.723872074445384373e+00 -3.128392561080376222e+00
-2.140204552872914334e+00 -1.679345812989103015e+00
-1.184311172780270649e+00 -1.790088043970661014e+00
-2.201188581771203800e+00 -1.231846616511524717e+00
-3.463624514884756422e+00 -2.957818806850587734e+00
-3.545299939800942823e+00 -2.814587324392547441e+00
-1.960972361411311704e+00 -2.813703355523800465e+00
-1.208307325149910127e+00 -3.225293133015965097e+00
-4.770589177069764375e+00 -1.850456224223748114e+00
-1.941628214376682759e+00 -3.481715536613128492e+00
-3.373753016524623227e+00 -2.724722838446305584e+00
-2.133051105175471029e+00 -2.870467444143801394e+00
-2.758210575308182477e+00 -3.189354989525696293e+00
-1.509691726532838896e+00 -4.105745812988706334e+00
-1.393077785592800932e+00 -3.023691080916498741e+00
-1.486282367161269047e+00 -3.057789921506701702e+00
-1.813537055279386578e+00 -3.443845712332607167e+00
-2.835101087496969097e+00 -4.025518453685896780e+00
-2.376776053610034189e+00 -2.827988735166553358e+00
-5.043782540800709757e-01 -2.455279354919441381e+00
-3.327713779808008532e+00 -2.712184001499642783e+00
-2.071906503752172668e+00 -2.988405037983078660e+00
-3.465846258399927216e+00 -2.045154697926344856e+00
-2.163964467710964623e+00 -3.449485326915766592e+00
-1.989788864671315105e+00 -3.749489286541174859e+00
-1.399143069977509590e+00 -3.082504110777256390e+00
-9.038812923537786759e-01 -1.150593681441052452e+00
-1.506270315703055696e+00 -3.259698109750803763e+00
-3.096230992642418300e+00 -3.798144991114638991e+00
-2.792205311158840964e+00 -2.856859914756221031e+00
-1.332732060252305395e+00 -3.797486667525244108e+00
-1.468870696239634732e+00 -3.204551243782125081e+00
-3.091054637528511950e-01 -2.933738724661246522e+00
-1.800282602195477866e+00 -2.794684147507637828e+00
-3.388495269720079861e+00 -2.998758971258768113e-01
-6.984324037426086207e-01 -3.171615312808844234e+00
-2.974929751387475729e+00 -3.968590331332029209e+00
-7.376580273172015367e-01 -4.005977423961892825e+00
-1.647710575604653727e+00 -4.114694836724840599e+00
-3.755657583120281195e+00 -2.137504075848878138e+00
-2.872456415211284142e+00 -1.675254955088831377e+00
-1.570092939532164111e+00 -3.377002955147021979e+00
-1.702801815339010982e+00 -2.946034379631287337e+00
-1.037337312361586106e+00 -3.471137691986348806e+00
-1.022726747274266046e+00 -4.992416505708044738e+00
-2.198399577294826823e+00 -3.421280782282574151e+00
-2.567529975763788830e+00 -2.453116758056566482e+00
-4.751824546717590358e+00 -3.537022799580841426e+00
-1.195436093248744669e+00 -3.040935971759494816e+00
-2.006658375205527811e+00 -3.563915419344161783e+00
-9.427042970140782074e-01 -2.528729288414123033e+00
-1.448289311407517266e+00 -3.255428948705820336e+00
-2.695605271887773213e+00 -3.330726016749406160e+00
-3.717301353451690993e+00 -4.214549181987033322e+00
-3.001121712922341089e+00 -1.744302260883915601e+00
-3.529052938595496514e+00 -4.461886502009844158e+00
-2.092613929317779675e+00 -1.794529925106341350e+00
-2.515313769051283899e+00 -2.248482876207813952e+00
-1.930973548159813591e+00 -2.824495747937965540e+00
-2.081660351734260672e+00 -4.061368979631230225e+00
-6.157376153241611583e-01 -4.171177058664496506e+00
-1.279734123419140168e+00 -2.141541330888604211e+00
-3.563016023708427849e+00 -3.316560345473628768e+00
-2.648707748133596773e+00 -2.369814678670703056e+00
-1.281613218790769171e+00 -3.570153896146282868e+00
-2.078320627995064562e+00 -4.209698583022138507e+00
-2.297001388375036868e+00 -2.020087646802957160e+00
-1.623105025716543137e+00 -2.543383456704331635e+00
-7.339515519113628539e-01 -3.901771263283104307e+00
-1.455513068953856903e+00 -3.650159583067533298e+00
-1.721937916353950992e+00 -2.807015047142457753e+00
-2.549479152284459538e+00 -4.839327723850830765e+00
-2.150298481640440684e+00 -3.569568778313330082e+00
-3.042319930568811337e+00 -3.809156495186183822e+00
-1.724001059988769846e+00 -2.150806757533998415e+00
-9.222467591638408013e-01 -2.791139319622161441e+00
-1.726555613847219561e+00 -2.269670868035297051e+00
-6.332265891739154995e-01 -3.698706978693304670e+00
-1.069844366842836569e+00 -2.026617000529264523e+00
-3.234143886519383670e+00 -2.951381846590474201e+00
-6.686652522412679378e-01 -2.183152219370068536e+00
-2.159768749418322198e+00 -3.593397727049891355e+00
3.732492640401294803e+00 -5.113393083251613902e-01
1.675038428618635500e+00 -1.824589752775976237e+00
3.747212922253523093e+00 -2.031080387445051816e+00
2.534039724838969221e+00 -1.632602554133549599e+00
3.445057472969841328e+00 -1.651843794664093590e+00
3.858568328653493751e+00 -3.067060201569606903e+00
4.864085272424859774e+00 -1.179593770757042748e+00
3.449644581810856092e+00 -2.309007986697233061e+00
5.278335758324045557e+00 -2.157633301335013520e+00
4.014850376321562386e+00 -7.654097057734359222e-01
3.510694192991183904e+00 -1.614575993871331328e+00
4.093818061872177339e+00 -3.651323522999119220e+00
3.567308766928721564e+00 5.605296824184922144e-01
2.735923104872423295e+00 -2.551910128866192728e+00
3.719430368147583099e+00 -3.898026171994884770e+00
4.212326436613662572e+00 -2.708340049626090984e+00
3.724751864766331799e+00 -7.517836818262744192e-01
5.750761242884209423e+00 -1.906838771075024086e+00
2.980800160761512885e+00 -4.512719320253499866e-01
3.297083691991960830e+00 -2.898899863394734044e+00
3.266578962101546413e+00 -2.930553393197677714e+00
2.350025940930947854e+00 -3.963810665651595677e+00
2.795831443904134517e+00 -1.453710564260445315e+00
5.329661253806101229e+00 -3.439027287069458261e+00
4.138450824764059455e+00 -9.164981956202526980e-01
3.360059779325974549e+00 -4.617699995542188240e-01
2.745373092499328926e+00 -1.477127279376553304e-01
5.186934427803868708e+00 -2.440758164124050555e+00
5.772919261201865382e+00 -2.489825151682531601e+00
4.481309141165544574e+00 -3.204184300994037393e+00
3.632457301776220504e+00 -2.225723479970684870e+00
3.164790523262096755e+00 -1.186048347675782377e+00
3.834719036160433525e+00 -1.618064751385990263e-01
2.862922542358918854e+00 -1.667783817613520458e+00
4.865044392066089962e+00 -3.122860107274209263e+00
4.930924467635152020e+00 -2.343311510366759443e+00
3.956640734274304627e+00 -2.398501103210513463e+00
4.449770604657742545e+00 -2.580363224307118397e-01
3.976930111866362250e+00 -9.451060208192425538e-01
3.776962099419631791e+00 -2.890861417788048282e+00
2.400899960882264761e+00 -8.621225155884002511e-01
3.230873439267589298e+00 -3.185361931955527748e+00
4.311437953927538480e+00 1.293819581105946526e+00
4.564700377341721627e+00 -3.228970796479091909e+00
5.444507426650603499e+00 -1.590670417576531381e+00
3.910378523337254997e+00 -1.896286267750688426e+00
4.800984497312095201e+00 -3.205897370280138325e+00
4.353623427259984524e+00 -1.658349029191175994e+00
3.365404471029663114e+00 -2.700472236380152324e+00
2.828727125218052585e+00 -2.492491455637724673e+00
3.758623031507710710e+00 -2.697074377108424237e+00
2.872235224614285265e+00 -2.952488959459568463e+00
3.022211778918833858e+00 -1.167572762026956701e+00
2.237706509009590228e+00 -2.275924142701065023e+00
5.173619857861591953e+00 -2.893477167496953939e+00
3.898094574699945358e+00 -3.756872657899390067e+00
4.234699866187184192e+00 -2.231050873064424955e+00
5.043642060666284621e+00 -1.631081918770106443e+00
4.126717456788815852e+00 -1.601782324940281166e+00
3.327944250202805598e+00 -1.179399396242679643e+00
5.166177235455960748e+00 -2.645542049181932587e-01
3.866695115936083837e+00 -2.155807934042592855e+00
3.599932417758668457e+00 -8.374942997845848947e-01
4.407603896655895248e+00 -3.372858103142850617e-02
3.901982152617228472e+00 -1.675899247309004192e+00
3.802954954094121209e+00 -1.474448194469410112e+00
4.776707540984936884e+00 -2.108240388370817175e+00
4.521825841417244973e+00 -1.305133101769711867e+00
5.334908730296724855e+00 -3.672694494202985105e+00
2.227699146553324017e+00 -3.109519629796833939e+00
3.950108578530396208e+00 -3.696653062545316004e+00
4.377500475829396720e+00 -2.839117464876586450e+00
4.516504880931911714e+00 -1.257853397381305971e+00
6.325856861901062445e+00 -3.873651345727386897e-01
3.948658833334876217e+00 1.697463569027175545e-01
4.835243548644398537e+00 -2.407444705858043488e+00
3.599274827625788653e+00 -2.069430822403258485e+00
5.179192698508557235e+00 -5.695349220015786251e-01
4.609944714407706812e+00 -4.547142654597040590e-01
2.898294373258845535e+00 -1.256636636164703003e+00
4.242906275601725063e+00 -8.020165252145248225e-01
4.573147747040147593e+00 -2.331996023695435571e+00
3.735734136587639309e+00 -3.580714812926045099e+00
3.634853271415423581e+00 -3.949245271288544412e+00
5.397710685559093946e+00 -1.826076305630335739e+00
4.057768198457866404e+00 -1.977908263758535234e+00
3.679015571780004823e+00 -3.829975138803044743e+00
2.907118344301965251e+00 -2.831879953621692980e+00
4.167974426538735067e+00 -3.224365845391104379e+00
3.867115385962619278e+00 -3.114816161844031761e+00
2.374429041464563461e+00 -7.412035015549991446e-01
4.215428372231039944e+00 -5.286326380233274946e+00
3.409124382608208936e+00 1.311812849766482714e-01
2.829640230246363686e+00 -1.369356540557829627e+00
3.927959209069655788e+00 -1.760835203181706943e+00
4.461039711591884505e+00 -4.227935968661971078e-01
4.949431040491169220e+00 -2.342924022680456186e+00
5.857726292216773878e+00 -2.247639670348291929e+00
4.321081862558280307e+00 -1.867973215968960154e+00
3.772936964792382053e+00 -5.389768942330097623e-01
